33 18 .
34 18 1
13 20 .
13 21 2
0 0 F

34 18 .
35 18 1
13 21 .
13 22 2
40 0 F

35 18 .
35 17 1
13 22 .
14 22 2
40 40 F

35 17 .
35 16 1
14 22 .
14 23 2
40 40 F

35 16 .
35 15 1
14 23 .
14 24 2
40 40 F

35 15 .
34 15 1
14 24 .
15 24 2
40 40 F

34 15 .
33 15 1
15 24 .
16 24 2
80 80 F

33 15 .
33 14 1
16 24 .
16 25 2
80 80 F

33 14 .
33 13 1
16 25 .
16 26 2
80 80 F

33 13 .
33 12 1
16 26 .
16 27 2
80 80 F

33 12 .
33 11 1
16 27 .
17 27 2
80 120 F

33 11 .
33 10 1
17 27 .
18 27 2
120 120 F

33 10 .
32 10 1
18 27 .
19 27 2
120 120 F

32 10 .
31 10 1
19 27 .
20 27 2
120 120 F

31 10 .
30 10 1
20 27 .
21 27 2
120 120 F

30 10 .
29 10 1
21 27 .
22 27 2
120 160 F

29 10 .
28 10 1
22 27 .
22 26 2
160 160 F

28 10 .
28 11 1
22 26 .
22 25 2
160 160 F

28 11 .
28 12 1
22 25 .
22 24 2
160 200 F

28 12 .
29 12 1
22 24 .
22 23 2
160 200 F

29 12 .
30 12 1
22 23 .
22 22 2
200 200 F

30 12 .
30 13 1
22 22 .
22 21 2
200 200 F

30 13 .
30 14 1
22 21 .
22 20 2
200 200 F

30 14 .
29 14 1
22 20 .
22 19 2
200 200 F

29 14 .
28 14 1
22 19 .
22 18 2
200 200 F

28 14 .
27 14 1
22 18 .
22 17 2
200 200 F

27 14 .
26 14 1
22 17 .
22 16 2
240 200 F

26 14 .
26 15 1
22 16 .
22 15 2
240 200 F

26 15 .
25 15 1
22 15 .
23 15 2
240 200 F

25 15 .
24 15 D
23 15 .
24 15 D
240 200 F

